1 0.573413 0.806217 0.021329 0.028439
1 0.887277 0.642857 0.011657 0.041005
1 0.971974 0.625992 0.010417 0.037037
1 0.883681 0.620370 0.008433 0.044974
1 0.059400 0.567295 0.009177 0.033399
1 0.227183 0.522156 0.008433 0.031085
1 0.356523 0.561177 0.010665 0.034392
1 0.311260 0.568948 0.009425 0.035384
1 0.285714 0.591931 0.013889 0.037037
1 0.289931 0.574570 0.012897 0.036045
1 0.379092 0.455192 0.008681 0.028108
1 0.634177 0.400463 0.005952 0.021164
1 0.671379 0.468419 0.007937 0.027447
1 0.806424 0.489749 0.005704 0.029762
1 0.876488 0.490079 0.010417 0.026455
1 0.797619 0.384425 0.006448 0.024802
1 0.941592 0.431052 0.009177 0.026124
1 0.873140 0.432374 0.007192 0.025463
1 0.887897 0.428571 0.008433 0.024471
1 0.895461 0.432870 0.007192 0.023810
1 0.899182 0.467262 0.007688 0.029101
1 0.015749 0.580522 0.009177 0.016865
1 0.008681 0.582672 0.008929 0.019841
